Film_Sense_Data
6	1	-70.001	0.000	0.003	11.6340
402.67	11.48	3.57	6.87	1.154	1.161	0.048
450.36	18.28	8.81	8.38	1.198	1.132	-0.071
526.22	33.85	8.68	17.09	1.229	1.114	0.096
655.16	17.48	9.99	4.73	1.163	0.945	-0.265
857.86	23.05	17.75	8.47	1.226	1.094	-0.217
945.60	29.05	11.08	8.11	1.568	1.058	-0.301
0.80590	-0.59195	-0.01107	0.96719	12.2864
0.67364	-0.12197	-0.72893	0.98957	24.7903
0.29004	0.38534	-0.87601	0.98938	11.6116
-0.56468	0.79012	-0.23841	0.97242	5.7478
0.10931	0.54223	0.83309	0.99604	12.6106
0.30775	0.44107	0.84306	0.99905	19.2685
3
Fit_Diff	0.2650
Thick(nm).1	166
Angle	74.398
Model: SiO2 on Si, Date: 2024-02-06 15:40, Ver: 3.38, Temp: 26.0