Sample description: 
Sample:   c= 0.5 mg/ml  Code: 
Parent(s): 
 8.345860e-002  1.391119e+002  1.899733e+000
 8.861062e-002  1.347205e+002  1.669083e+000
 9.376263e-002  1.361162e+002  1.535248e+000
 9.891465e-002  1.347574e+002  1.428451e+000
 1.040667e-001  1.337519e+002  1.329548e+000
 1.092187e-001  1.290652e+002  1.263928e+000
 1.143707e-001  1.267226e+002  1.203891e+000
 1.195227e-001  1.277186e+002  1.155427e+000
 1.246747e-001  1.245161e+002  1.109137e+000
 1.298268e-001  1.217891e+002  1.063827e+000
 1.349788e-001  1.207219e+002  1.024109e+000
 1.401308e-001  1.180349e+002  9.940754e-001
 1.452828e-001  1.154074e+002  9.628740e-001
 1.504348e-001  1.153905e+002  9.336250e-001
 1.555868e-001  1.113926e+002  9.108662e-001
 1.607389e-001  1.110396e+002  8.837596e-001
 1.658909e-001  1.080769e+002  8.540084e-001
 1.710429e-001  1.048913e+002  8.395028e-001
 1.761949e-001  1.033527e+002  8.133286e-001
 1.813469e-001  1.008486e+002  7.782410e-001
 1.864990e-001  9.963946e+001  7.790086e-001
 1.916510e-001  9.733972e+001  7.606816e-001
 1.968030e-001  9.538486e+001  7.441954e-001
 2.019550e-001  9.394524e+001  7.397730e-001
 2.071070e-001  9.355344e+001  7.105594e-001
 2.122590e-001  8.825380e+001  6.938434e-001
 2.174111e-001  8.724098e+001  6.899862e-001
 2.225631e-001  8.504824e+001  6.714404e-001
 2.277151e-001  8.327706e+001  6.564930e-001
 2.328671e-001  8.129356e+001  6.529756e-001
 2.380191e-001  8.011484e+001  6.323600e-001
 2.431712e-001  7.819982e+001  6.266418e-001
 2.483232e-001  7.706584e+001  6.202048e-001
 2.534752e-001  7.516536e+001  6.055568e-001
 2.586272e-001  7.307078e+001  5.930688e-001
 2.637792e-001  7.026712e+001  5.885764e-001
 2.689312e-001  6.929526e+001  5.771102e-001
 2.740833e-001  6.812174e+001  5.653240e-001
 2.792353e-001  6.714846e+001  5.630764e-001
 2.843873e-001  6.530178e+001  5.503858e-001
 2.895393e-001  6.320758e+001  5.517520e-001
 2.946913e-001  6.160020e+001  5.561574e-001
 2.998434e-001  6.070450e+001  5.496326e-001
 3.049954e-001  5.847942e+001  5.499064e-001
 3.101474e-001  5.775586e+001  5.479452e-001
 3.152994e-001  5.606422e+001  5.422278e-001
 3.204514e-001  5.390836e+001  5.376192e-001
 3.256034e-001  5.240386e+001  5.354158e-001
 3.307555e-001  5.181920e+001  5.301988e-001
 3.359075e-001  5.000044e+001  5.280344e-001
 3.410595e-001  4.827016e+001  5.228146e-001
 3.462115e-001  4.819860e+001  5.159128e-001
 3.513635e-001  4.611292e+001  5.132086e-001
 3.565156e-001  4.403172e+001  4.977560e-001
 3.616676e-001  4.273086e+001  4.855564e-001
 3.668196e-001  4.224844e+001  4.712190e-001
 3.719716e-001  4.045646e+001  4.708032e-001
 3.771236e-001  4.011666e+001  4.600458e-001
 3.822756e-001  3.828384e+001  4.502638e-001
 3.874277e-001  3.814966e+001  4.494634e-001
 3.925797e-001  3.639948e+001  4.413402e-001
 3.977317e-001  3.545036e+001  4.321788e-001
 4.028837e-001  3.575814e+001  4.319628e-001
 4.080357e-001  3.397132e+001  4.225602e-001
 4.131878e-001  3.382316e+001  4.178816e-001
 4.183398e-001  3.134004e+001  4.146400e-001
 4.234918e-001  3.128998e+001  4.092876e-001
 4.286438e-001  3.000218e+001  3.996138e-001
 4.337958e-001  2.967726e+001  3.997380e-001
 4.389478e-001  2.782622e+001  3.939230e-001
 4.440999e-001  2.704322e+001  3.862362e-001
 4.492519e-001  2.656916e+001  3.848054e-001
 4.544039e-001  2.582758e+001  3.837206e-001
 4.595559e-001  2.513750e+001  3.738122e-001
 4.647079e-001  2.402012e+001  3.734566e-001
 4.698599e-001  2.407698e+001  3.776040e-001
 4.750120e-001  2.254586e+001  3.789370e-001
 4.801640e-001  2.230988e+001  3.796296e-001
 4.853160e-001  2.138436e+001  3.783580e-001
 4.904680e-001  2.065906e+001  3.753608e-001
 4.956200e-001  1.977528e+001  3.754512e-001
 5.007721e-001  2.017682e+001  3.757082e-001
 5.059241e-001  1.922624e+001  3.740110e-001
 5.110761e-001  1.770976e+001  3.700856e-001
 5.162281e-001  1.804060e+001  3.709202e-001
 5.213801e-001  1.728012e+001  3.696208e-001
 5.265321e-001  1.662878e+001  3.670134e-001
 5.316842e-001  1.607038e+001  3.668516e-001
 5.368362e-001  1.564724e+001  3.553478e-001
 5.419882e-001  1.546624e+001  3.521530e-001
 5.471402e-001  1.479358e+001  3.491688e-001
 5.522922e-001  1.386640e+001  3.419066e-001
 5.574443e-001  1.335052e+001  3.369448e-001
 5.625963e-001  1.302958e+001  3.351650e-001
 5.677483e-001  1.251880e+001  3.312424e-001
 5.729003e-001  1.221488e+001  3.294928e-001
 5.780523e-001  1.203534e+001  3.278826e-001
 5.832043e-001  1.096104e+001  3.210538e-001
 5.883564e-001  1.062000e+001  3.203374e-001
 5.935084e-001  1.061178e+001  3.196866e-001
 5.986604e-001  9.886720e+000  3.138844e-001
 6.038124e-001  9.599540e+000  3.126160e-001
 6.089644e-001  9.150680e+000  3.109090e-001
 6.141165e-001  9.189020e+000  3.082208e-001
 6.192685e-001  8.699620e+000  3.061878e-001
 6.244205e-001  8.375320e+000  3.050260e-001
 6.295725e-001  8.145600e+000  2.999310e-001
 6.347245e-001  8.499180e+000  3.012198e-001
 6.398765e-001  7.992060e+000  2.990772e-001
 6.450286e-001  7.062460e+000  2.957648e-001
 6.501806e-001  7.368320e+000  2.941494e-001
 6.553326e-001  7.212820e+000  2.931928e-001
 6.604846e-001  6.297480e+000  2.919670e-001
 6.656366e-001  6.607180e+000  2.960724e-001
 6.707887e-001  6.433880e+000  3.000598e-001
 6.759407e-001  6.097840e+000  2.978136e-001
 6.810927e-001  6.378740e+000  2.974192e-001
 6.862447e-001  6.105400e+000  2.969368e-001
 6.913967e-001  5.521640e+000  2.907220e-001
 6.965487e-001  5.617680e+000  2.878756e-001
 7.017008e-001  5.584960e+000  2.869542e-001
 7.068528e-001  4.813380e+000  2.826672e-001
 7.120048e-001  4.806860e+000  2.807946e-001
 7.171568e-001  4.455440e+000  2.798948e-001
 7.223088e-001  4.906200e+000  2.768506e-001
 7.274608e-001  4.317460e+000  2.750372e-001
 7.326129e-001  4.118100e+000  2.741924e-001
 7.377649e-001  4.254460e+000  2.707580e-001
 7.429169e-001  3.909340e+000  2.692198e-001
 7.480689e-001  4.226860e+000  2.692986e-001
 7.532209e-001  4.030780e+000  2.662094e-001
 7.583730e-001  4.035540e+000  2.663468e-001
 7.635250e-001  3.861640e+000  2.671356e-001
 7.686770e-001  3.708700e+000  2.652916e-001
 7.738290e-001  3.675600e+000  2.632878e-001
 7.789810e-001  3.271920e+000  2.620862e-001
 7.841330e-001  3.515680e+000  2.611918e-001
 7.892851e-001  3.086920e+000  2.587966e-001
 7.944371e-001  3.436780e+000  2.608538e-001
 7.995891e-001  2.962820e+000  2.561582e-001
 8.047411e-001  3.343300e+000  2.573604e-001
 8.098931e-001  3.607940e+000  2.578454e-001
 8.150452e-001  2.820780e+000  2.531696e-001
 8.201972e-001  3.116120e+000  2.531010e-001
 8.253492e-001  2.684980e+000  2.525304e-001
 8.305012e-001  3.506360e+000  2.500646e-001
 8.356532e-001  2.875940e+000  2.493692e-001
 8.408052e-001  2.662780e+000  2.489762e-001
 8.459573e-001  2.848740e+000  2.481102e-001
 8.511093e-001  2.609520e+000  2.472020e-001
 8.562613e-001  2.273900e+000  2.459874e-001
 8.614133e-001  2.665260e+000  2.460420e-001
 8.665653e-001  2.149680e+000  2.446360e-001
 8.717174e-001  2.234240e+000  2.448960e-001
 8.768694e-001  2.536940e+000  2.426392e-001
 8.820214e-001  2.579420e+000  2.431898e-001
 8.871734e-001  2.590520e+000  2.428106e-001
 8.923254e-001  2.459400e+000  2.410934e-001
 8.974774e-001  2.869040e+000  2.408258e-001
 9.026295e-001  2.180260e+000  2.402160e-001
 9.077815e-001  2.431620e+000  2.381488e-001
 9.129335e-001  2.398660e+000  2.382550e-001
 9.180855e-001  2.207500e+000  2.370888e-001
 9.232375e-001  2.417900e+000  2.358854e-001
 9.283896e-001  2.519760e+000  2.357680e-001
 9.335416e-001  2.168340e+000  2.355752e-001
 9.386936e-001  2.384480e+000  2.341882e-001
 9.438456e-001  2.783420e+000  2.328846e-001
 9.489976e-001  2.523280e+000  2.334172e-001
 9.541496e-001  2.478620e+000  2.322136e-001
 9.593017e-001  2.387380e+000  2.316860e-001
 9.644537e-001  2.648860e+000  2.308292e-001
 9.696057e-001  2.256880e+000  2.303906e-001
 9.747577e-001  2.059620e+000  2.275838e-001
 9.799097e-001  2.474660e+000  2.299008e-001
 9.850617e-001  2.415620e+000  2.325858e-001
 9.902138e-001  2.529260e+000  2.324220e-001
 9.953658e-001  2.550080e+000  2.346004e-001
 1.000518e+000  2.432240e+000  2.359602e-001
 1.005670e+000  2.404940e+000  2.341842e-001
 1.010822e+000  2.481380e+000  2.375138e-001
 1.015974e+000  2.191600e+000  2.382644e-001
 1.021126e+000  2.363420e+000  2.367098e-001
 1.026278e+000  1.975700e+000  2.384600e-001
 1.031430e+000  2.497920e+000  2.383460e-001
 1.036582e+000  2.526220e+000  2.363228e-001
 1.041734e+000  2.516460e+000  2.383594e-001
 1.046886e+000  2.181860e+000  2.386998e-001
 1.052038e+000  2.357160e+000  2.360124e-001
 1.057190e+000  2.482880e+000  2.373106e-001
 1.062342e+000  2.595640e+000  2.380120e-001
 1.067494e+000  2.478280e+000  2.366444e-001
 1.072646e+000  2.635500e+000  2.385008e-001
 1.077798e+000  2.472940e+000  2.380408e-001
 1.082950e+000  2.488420e+000  2.371290e-001
 1.088102e+000  2.613000e+000  2.376508e-001
 1.093254e+000  2.396740e+000  2.375188e-001
 1.098406e+000  3.090220e+000  2.368070e-001
 1.103558e+000  2.589800e+000  2.376250e-001
 1.108710e+000  2.879260e+000  2.376950e-001
 1.113862e+000  2.901960e+000  2.429310e-001
 1.119014e+000  2.620940e+000  2.430020e-001
 1.124166e+000  2.428020e+000  2.458472e-001
 1.129318e+000  2.890940e+000  2.463860e-001
 1.134470e+000  2.786160e+000  2.487300e-001
 1.139622e+000  2.614740e+000  2.485374e-001
 1.144774e+000  2.938120e+000  2.484994e-001
 1.149926e+000  2.749760e+000  2.485648e-001
 1.155078e+000  2.234140e+000  2.484602e-001
 1.160230e+000  2.670480e+000  2.493490e-001
 1.165382e+000  3.361340e+000  2.492436e-001
 1.170534e+000  3.253060e+000  2.502182e-001
 1.175686e+000  3.223220e+000  2.485248e-001
 1.180838e+000  2.407020e+000  2.436786e-001
 1.185990e+000  3.216160e+000  2.429700e-001
 1.191142e+000  3.062480e+000  2.436792e-001
 1.196294e+000  2.920500e+000  2.465918e-001
 1.201447e+000  2.922420e+000  2.455436e-001
 1.206599e+000  2.884540e+000  2.434070e-001
 1.211751e+000  2.340720e+000  2.447020e-001
 1.216903e+000  3.306360e+000  2.458438e-001
 1.222055e+000  2.859360e+000  2.430150e-001
 1.227207e+000  2.989720e+000  2.453288e-001
 1.232359e+000  3.005960e+000  2.453514e-001
 1.237511e+000  2.746360e+000  2.433916e-001
 1.242663e+000  3.301640e+000  2.467510e-001
 1.247815e+000  3.076900e+000  2.450688e-001
 1.252967e+000  3.248220e+000  2.436248e-001
 1.258119e+000  3.240400e+000  2.452122e-001
 1.263271e+000  3.273780e+000  2.453230e-001
 1.268423e+000  3.437180e+000  2.435364e-001
 1.273575e+000  3.100000e+000  2.447788e-001
 1.278727e+000  2.690940e+000  2.434376e-001
 1.283879e+000  2.884280e+000  2.431402e-001
 1.289031e+000  3.279500e+000  2.472266e-001
 1.294183e+000  3.250100e+000  2.488556e-001
 1.299335e+000  3.618980e+000  2.504634e-001
 1.304487e+000  3.001880e+000  2.517476e-001
 1.309639e+000  3.210860e+000  2.527132e-001
 1.314791e+000  2.808780e+000  2.546034e-001
 1.319943e+000  3.321300e+000  2.557936e-001
 1.325095e+000  3.211980e+000  2.571184e-001
 1.330247e+000  2.846560e+000  2.585240e-001
 1.335399e+000  3.225820e+000  2.601572e-001
 1.340551e+000  3.448960e+000  2.596520e-001
 1.345703e+000  3.354620e+000  2.618064e-001
 1.350855e+000  3.492400e+000  2.625744e-001
 1.356007e+000  3.148440e+000  2.590056e-001
 1.361159e+000  3.414480e+000  2.561986e-001
 1.366311e+000  3.618500e+000  2.564764e-001
 1.371463e+000  3.343760e+000  2.542360e-001
 1.376615e+000  3.141900e+000  2.531274e-001
 1.381767e+000  3.068000e+000  2.518538e-001
 1.386919e+000  3.484820e+000  2.524664e-001
 1.392071e+000  3.914880e+000  2.517296e-001
 1.397223e+000  3.485860e+000  2.503206e-001
 1.402375e+000  3.995300e+000  2.506026e-001
 1.407527e+000  3.415960e+000  2.488352e-001
 1.412679e+000  3.431760e+000  2.496326e-001
 1.417831e+000  3.638260e+000  2.502982e-001
 1.422983e+000  3.455120e+000  2.479082e-001
 1.428135e+000  3.587260e+000  2.484086e-001
 1.433287e+000  3.107020e+000  2.472904e-001
 1.438439e+000  3.577120e+000  2.468730e-001
 1.443591e+000  3.864220e+000  2.477798e-001
 1.448743e+000  3.785400e+000  2.465196e-001
 1.453895e+000  3.218620e+000  2.452252e-001
 1.459047e+000  3.499540e+000  2.458366e-001
 1.464199e+000  3.414320e+000  2.465280e-001
 1.469351e+000  3.519240e+000  2.433202e-001
 1.474503e+000  3.803040e+000  2.455740e-001
 1.479655e+000  3.381420e+000  2.449080e-001
 1.484807e+000  3.691260e+000  2.437746e-001
 1.489960e+000  3.719740e+000  2.433484e-001
 1.495112e+000  3.312140e+000  2.440000e-001
 1.500264e+000  3.422820e+000  2.418876e-001
 1.505416e+000  3.209020e+000  2.446444e-001
 1.510568e+000  4.041760e+000  2.438762e-001
 1.515720e+000  3.693660e+000  2.428392e-001
 1.520872e+000  3.564600e+000  2.428342e-001
 1.526024e+000  3.642120e+000  2.433548e-001
 1.531176e+000  3.887200e+000  2.420630e-001
 1.536328e+000  3.184860e+000  2.421406e-001
 1.541480e+000  3.694640e+000  2.424556e-001
 1.546632e+000  3.630960e+000  2.421350e-001
 1.551784e+000  3.805460e+000  2.427924e-001
 1.556936e+000  3.657080e+000  2.425250e-001
 1.562088e+000  3.495080e+000  2.397360e-001
 1.567240e+000  3.727020e+000  2.415308e-001
 1.572392e+000  3.122000e+000  2.409986e-001
 1.577544e+000  3.510020e+000  2.398638e-001
 1.582696e+000  4.050920e+000  2.414148e-001
 1.587848e+000  2.855040e+000  2.398872e-001
 1.593000e+000  3.614500e+000  2.392462e-001
 1.598152e+000  3.602940e+000  2.396938e-001
 1.603304e+000  3.662680e+000  2.399416e-001
 1.608456e+000  3.659720e+000  2.386922e-001
 1.613608e+000  3.776980e+000  2.390024e-001
 1.618760e+000  3.437180e+000  2.388598e-001
 1.623912e+000  3.347840e+000  2.384372e-001
 1.629064e+000  4.164280e+000  2.381820e-001
 1.634216e+000  3.692480e+000  2.403574e-001
 1.639368e+000  3.866480e+000  2.371978e-001
 1.644520e+000  3.582760e+000  2.376558e-001
 1.649672e+000  2.918100e+000  2.374876e-001
 1.654824e+000  3.353040e+000  2.367502e-001
 1.659976e+000  3.522580e+000  2.372166e-001
 1.665128e+000  3.176600e+000  2.370596e-001
 1.670280e+000  3.331020e+000  2.360726e-001
 1.675432e+000  3.229000e+000  2.358418e-001
 1.680584e+000  3.334280e+000  2.376008e-001
 1.685736e+000  3.436020e+000  2.360538e-001
 1.690888e+000  3.594860e+000  2.352150e-001
 1.696040e+000  3.216300e+000  2.370036e-001
 1.701192e+000  3.195520e+000  2.349204e-001
 1.706344e+000  3.088360e+000  2.340256e-001
 1.711496e+000  3.235100e+000  2.355738e-001
 1.716648e+000  3.722560e+000  2.352562e-001
 1.721800e+000  3.151840e+000  2.334022e-001
 1.726952e+000  3.485700e+000  2.368522e-001
 1.732104e+000  3.742720e+000  2.341942e-001
 1.737256e+000  3.540380e+000  2.321164e-001
 1.742408e+000  3.313140e+000  2.340008e-001
 1.747560e+000  3.037440e+000  2.332486e-001
 1.752712e+000  3.086900e+000  2.314488e-001
 1.757864e+000  3.260700e+000  2.336604e-001
 1.763016e+000  2.998620e+000  2.324058e-001
 1.768168e+000  3.092000e+000  2.313232e-001
 1.773321e+000  3.706500e+000  2.325054e-001
 1.778473e+000  3.096200e+000  2.307162e-001
 1.783625e+000  3.684720e+000  2.292102e-001
 1.788777e+000  3.446880e+000  2.318976e-001
 1.793929e+000  2.872560e+000  2.290772e-001
 1.799081e+000  3.113360e+000  2.286352e-001
 1.804233e+000  3.188480e+000  2.297212e-001
 1.809385e+000  2.911800e+000  2.293250e-001
 1.814537e+000  2.800740e+000  2.282144e-001
 1.819689e+000  2.971320e+000  2.289548e-001
 1.824841e+000  2.808400e+000  2.276620e-001
 1.829993e+000  3.170900e+000  2.278398e-001
 1.835145e+000  3.347540e+000  2.281570e-001
 1.840297e+000  2.970900e+000  2.276336e-001
 1.845449e+000  3.318320e+000  2.273854e-001
 1.850601e+000  3.103720e+000  2.282902e-001
 1.855753e+000  2.998080e+000  2.275024e-001
 1.860905e+000  3.159980e+000  2.258714e-001
 1.866057e+000  2.726820e+000  2.280018e-001
 1.871209e+000  2.813280e+000  2.261124e-001
 1.876361e+000  3.353300e+000  2.262774e-001
 1.881513e+000  2.586200e+000  2.271640e-001
 1.886665e+000  2.761300e+000  2.259432e-001
 1.891817e+000  3.068460e+000  2.257406e-001
 1.896969e+000  2.899840e+000  2.268214e-001
 1.902121e+000  2.970420e+000  2.262988e-001
 1.907273e+000  2.747840e+000  2.251502e-001
 1.912425e+000  2.797140e+000  2.257428e-001
 1.917577e+000  3.050040e+000  2.256300e-001
 1.922729e+000  2.601600e+000  2.238872e-001
 1.927881e+000  2.568400e+000  2.258916e-001
 1.933033e+000  2.663420e+000  2.246806e-001
 1.938185e+000  2.646360e+000  2.243762e-001
 1.943337e+000  2.416580e+000  2.258300e-001
 1.948489e+000  1.823360e+000  2.233494e-001
 1.953641e+000  2.303180e+000  2.226818e-001
 1.958793e+000  2.254740e+000  2.249984e-001
 1.963945e+000  2.678300e+000  2.233490e-001
 1.969097e+000  2.911400e+000  2.231906e-001
 1.974249e+000  2.711700e+000  2.241664e-001
 1.979401e+000  2.943700e+000  2.236320e-001
 1.984553e+000  2.282720e+000  2.225646e-001
 1.989705e+000  2.268380e+000  2.249084e-001
 1.994857e+000  2.342120e+000  2.223556e-001
 2.000009e+000  2.153200e+000  2.216920e-001
 2.005161e+000  2.565420e+000  2.228226e-001
 2.010313e+000  2.347980e+000  2.223572e-001
 2.015465e+000  2.728160e+000  2.217622e-001
 2.020617e+000  2.535080e+000  2.227184e-001
 2.025769e+000  2.843340e+000  2.226388e-001
 2.030921e+000  2.525280e+000  2.222612e-001
 2.036073e+000  2.102960e+000  2.224886e-001
 2.041225e+000  2.571260e+000  2.212374e-001
 2.046377e+000  2.353420e+000  2.207506e-001
 2.051529e+000  2.078280e+000  2.215368e-001
 2.056681e+000  2.302380e+000  2.208664e-001
 2.061834e+000  2.451220e+000  2.205694e-001
 2.066986e+000  2.233100e+000  2.206298e-001
 2.072138e+000  2.459820e+000  2.206940e-001
 2.077290e+000  2.142340e+000  2.203530e-001
 2.082442e+000  2.204600e+000  2.205518e-001
 2.087594e+000  2.532740e+000  2.203300e-001
 2.092746e+000  2.286720e+000  2.193108e-001
 2.097898e+000  2.326300e+000  2.204604e-001
 2.103050e+000  1.973840e+000  2.191818e-001
 2.108202e+000  2.379940e+000  2.203694e-001
 2.113354e+000  2.436560e+000  2.256102e-001
 2.118506e+000  2.231740e+000  2.266376e-001
 2.123658e+000  1.962940e+000  2.293434e-001
 2.128810e+000  1.623180e+000  2.297550e-001
 2.133962e+000  1.961920e+000  2.300072e-001
 2.139114e+000  2.202660e+000  2.321734e-001
 2.144266e+000  2.064340e+000  2.338012e-001
 2.149418e+000  1.808960e+000  2.337892e-001
 2.154570e+000  2.242100e+000  2.354206e-001
 2.159722e+000  2.285560e+000  2.376282e-001
 2.164874e+000  2.011600e+000  2.372596e-001
 2.170026e+000  2.010180e+000  2.373860e-001
 2.175178e+000  2.187620e+000  2.371654e-001
 2.180330e+000  2.226840e+000  2.325550e-001
 2.185482e+000  1.841920e+000  2.295890e-001
 2.190634e+000  1.619360e+000  2.294132e-001
 2.195786e+000  1.773860e+000  2.282780e-001
 2.200938e+000  1.700900e+000  2.273052e-001
 2.206090e+000  2.057840e+000  2.276746e-001
 2.211242e+000  2.126940e+000  2.278862e-001
 2.216394e+000  2.054660e+000  2.243774e-001
 2.221546e+000  1.777160e+000  2.247258e-001
 2.226698e+000  1.646520e+000  2.246400e-001
 2.231850e+000  1.648120e+000  2.226198e-001
 2.237002e+000  1.631920e+000  2.227188e-001
 2.242154e+000  1.911820e+000  2.240720e-001
 2.247306e+000  1.262120e+000  2.212130e-001
 2.252458e+000  1.659940e+000  2.236016e-001
 2.257610e+000  2.041040e+000  2.227962e-001
 2.262762e+000  2.553500e+000  2.212766e-001
 2.267914e+000  1.779860e+000  2.209774e-001
 2.273066e+000  1.880520e+000  2.217712e-001
 2.278218e+000  1.414980e+000  2.204428e-001
 2.283370e+000  1.640380e+000  2.211184e-001
 2.288522e+000  1.316420e+000  2.206602e-001
 2.293674e+000  1.873620e+000  2.206510e-001
 2.298826e+000  1.878340e+000  2.214620e-001
 2.303978e+000  1.448960e+000  2.207000e-001
 2.309130e+000  1.663160e+000  2.184240e-001
 2.314282e+000  1.541780e+000  2.201328e-001
 2.319434e+000  1.454480e+000  2.201818e-001
 2.324586e+000  1.629220e+000  2.181456e-001
 2.329738e+000  1.672420e+000  2.199188e-001
 2.334890e+000  1.466980e+000  2.187914e-001
 2.340042e+000  1.634720e+000  2.189016e-001
 2.345195e+000  1.565140e+000  2.192150e-001
 2.350347e+000  1.627240e+000  2.179636e-001
 2.355499e+000  1.628460e+000  2.176164e-001
 2.360651e+000  1.966320e+000  2.184706e-001
 2.365803e+000  1.325380e+000  2.181002e-001
 2.370955e+000  1.450720e+000  2.162738e-001
 2.376107e+000  1.641780e+000  2.183340e-001
 2.381259e+000  1.807920e+000  2.182156e-001
 2.386411e+000  1.438800e+000  2.170540e-001
 2.391563e+000  1.375720e+000  2.173556e-001
 2.396715e+000  1.632480e+000  2.166968e-001
 2.401867e+000  1.221040e+000  2.159286e-001
 2.407019e+000  1.013440e+000  2.155248e-001
 2.412171e+000  1.983420e+000  2.174766e-001
 2.417323e+000  1.513480e+000  2.154242e-001
 2.422475e+000  1.284780e+000  2.156200e-001
 2.427627e+000  1.243960e+000  2.161994e-001
 2.432779e+000  1.461820e+000  2.148884e-001
 2.437931e+000  9.088400e-001  2.143740e-001
 2.443083e+000  1.395280e+000  2.143610e-001
 2.448235e+000  1.403320e+000  2.134002e-001
 2.453387e+000  1.282080e+000  2.138454e-001
 2.458539e+000  1.523820e+000  2.135316e-001
 2.463691e+000  1.670480e+000  2.127036e-001
 2.468843e+000  1.457180e+000  2.135716e-001
 2.473995e+000  1.332600e+000  2.132770e-001
 2.479147e+000  1.508020e+000  2.112530e-001
 2.484299e+000  1.842540e+000  2.130916e-001
 2.489451e+000  1.776260e+000  2.123676e-001
 2.494603e+000  1.376040e+000  2.113178e-001
 2.499755e+000  1.656100e+000  2.120928e-001
 2.504907e+000  1.494120e+000  2.123606e-001
 2.510059e+000  1.538100e+000  2.108190e-001
 2.515211e+000  1.317400e+000  2.121258e-001
 2.520363e+000  1.486200e+000  2.123158e-001
 2.525515e+000  1.569440e+000  2.107776e-001
 2.530667e+000  1.140080e+000  2.111574e-001
 2.535819e+000  1.355480e+000  2.124404e-001
 2.540971e+000  1.345180e+000  2.101816e-001
 2.546123e+000  1.375520e+000  2.111338e-001
 2.551275e+000  1.147160e+000  2.103710e-001
 2.556427e+000  1.306980e+000  2.104656e-001
 2.561579e+000  1.682260e+000  2.116250e-001
 2.566731e+000  1.301280e+000  2.119348e-001
 2.571883e+000  1.149520e+000  2.113704e-001
 2.577035e+000  1.409580e+000  2.151288e-001
 2.582187e+000  1.068800e+000  2.180946e-001
 2.587339e+000  1.512580e+000  2.197766e-001
 2.592491e+000  1.324660e+000  2.205458e-001
 2.597643e+000  1.757520e+000  2.221218e-001
 2.602795e+000  1.257360e+000  2.157198e-001
 2.607947e+000  1.031680e+000  2.157454e-001
 2.613099e+000  1.255460e+000  2.155612e-001
 2.618251e+000  1.394060e+000  2.138230e-001
 2.623403e+000  1.554940e+000  2.135276e-001
 2.628555e+000  1.475720e+000  2.142588e-001
 2.633708e+000  1.263620e+000  2.119556e-001
 2.638860e+000  1.168980e+000  2.127370e-001
 2.644012e+000  1.468760e+000  2.136968e-001
 2.649164e+000  1.466240e+000  2.119966e-001
 2.654316e+000  1.135020e+000  2.131978e-001
 2.659468e+000  1.073540e+000  2.134070e-001
 2.664620e+000  1.119840e+000  2.113806e-001
 2.669772e+000  1.205660e+000  2.123366e-001
 2.674924e+000  1.290540e+000  2.125236e-001
 2.680076e+000  1.217780e+000  2.111280e-001
 2.685228e+000  1.147140e+000  2.116216e-001
 2.690380e+000  1.463500e+000  2.127998e-001
 2.695532e+000  1.735800e+000  2.109858e-001
 2.700684e+000  9.610400e-001  2.115482e-001
 2.705836e+000  1.026740e+000  2.109870e-001
 2.710988e+000  9.254000e-001  2.094700e-001
 2.716140e+000  9.388200e-001  2.102848e-001
 2.721292e+000  1.427680e+000  2.117108e-001
 2.726444e+000  1.404960e+000  2.094164e-001
 2.731596e+000  1.481200e+000  2.106302e-001
 2.736748e+000  1.161520e+000  2.106590e-001
 2.741900e+000  9.998200e-001  2.095126e-001
 2.747052e+000  1.259760e+000  2.099094e-001
 2.752204e+000  1.207320e+000  2.103980e-001
 2.757356e+000  1.105520e+000  2.087410e-001
 2.762508e+000  1.534860e+000  2.103586e-001
 2.767660e+000  1.360780e+000  2.093152e-001
 2.772812e+000  1.604840e+000  2.090088e-001
 2.777964e+000  1.545100e+000  2.098338e-001
 2.783116e+000  1.017680e+000  2.094978e-001
 2.788268e+000  9.154000e-001  2.077228e-001
 2.793420e+000  1.208040e+000  2.083706e-001
 2.798572e+000  1.209880e+000  2.096896e-001
 2.803724e+000  1.349480e+000  2.071164e-001
 2.808876e+000  1.386020e+000  2.081688e-001
 2.814028e+000  1.550280e+000  2.084594e-001
 2.819180e+000  1.223880e+000  2.065958e-001
 2.824332e+000  1.169200e+000  2.072728e-001
 2.829484e+000  1.273080e+000  2.082914e-001
 2.834636e+000  7.091400e-001  2.071930e-001
 2.839788e+000  9.598000e-001  2.066628e-001
 2.844940e+000  8.156200e-001  2.074678e-001
 2.850092e+000  9.856800e-001  2.070360e-001
 2.855244e+000  9.004200e-001  2.073578e-001
 2.860396e+000  1.106280e+000  2.081018e-001
 2.865548e+000  1.009000e+000  2.062150e-001
 2.870700e+000  1.069300e+000  2.074626e-001
 2.875852e+000  8.482400e-001  2.074154e-001
 2.881004e+000  7.070200e-001  2.062684e-001
 2.886156e+000  8.444600e-001  2.061454e-001
 2.891308e+000  1.279360e+000  2.065320e-001
 2.896460e+000  1.383440e+000  2.053454e-001
 2.901612e+000  1.366740e+000  2.059470e-001
 2.906764e+000  9.155800e-001  2.070906e-001
 2.911916e+000  1.452320e+000  2.048100e-001
 2.917069e+000  1.185640e+000  2.058224e-001
 2.922221e+000  1.393020e+000  2.075150e-001
 2.927373e+000  1.548260e+000  2.066806e-001
 2.932525e+000  1.797020e+000  2.119004e-001
 2.937677e+000  1.263660e+000  2.143258e-001
 2.942829e+000  1.120500e+000  2.148136e-001
 2.947981e+000  1.318200e+000  2.170052e-001
 2.953133e+000  1.089020e+000  2.186052e-001
 2.958285e+000  1.522160e+000  2.190936e-001
 2.963437e+000  1.289560e+000  2.208994e-001
 2.968589e+000  8.482200e-001  2.232586e-001
 2.973741e+000  1.202020e+000  2.213592e-001
 2.978893e+000  1.087680e+000  2.233302e-001
 2.984045e+000  1.012700e+000  2.248720e-001
 2.989197e+000  9.893800e-001  2.234664e-001
 2.994349e+000  1.361960e+000  2.242566e-001
 2.999501e+000  1.032780e+000  2.212550e-001
 3.004653e+000  8.427000e-001  2.167104e-001
 3.009805e+000  1.513660e+000  2.159638e-001
 3.014957e+000  8.299000e-001  2.159468e-001
 3.020109e+000  9.115000e-001  2.134440e-001
 3.025261e+000  9.227000e-001  2.136706e-001
 3.030413e+000  9.378600e-001  2.136868e-001
 3.035565e+000  1.351820e+000  2.123346e-001
 3.040717e+000  1.473180e+000  2.126168e-001
 3.045869e+000  1.270200e+000  2.140918e-001
 3.051021e+000  1.211980e+000  2.107428e-001
 3.056173e+000  1.418780e+000  2.120758e-001
 3.061325e+000  9.535000e-001  2.117842e-001
 3.066477e+000  1.055640e+000  2.109070e-001
 3.071629e+000  1.502200e+000  2.112600e-001
 3.076781e+000  9.960600e-001  2.122078e-001
 3.081933e+000  1.043440e+000  2.094664e-001
 3.087085e+000  9.647200e-001  2.105874e-001
 3.092237e+000  8.605600e-001  2.110062e-001
 3.097389e+000  1.046440e+000  2.091284e-001
 3.102541e+000  1.238000e+000  2.107176e-001
 3.107693e+000  9.102800e-001  2.109774e-001
 3.112845e+000  1.054980e+000  2.085776e-001
 3.117997e+000  1.278780e+000  2.103768e-001
 3.123149e+000  1.160440e+000  2.092924e-001
 3.128301e+000  1.174520e+000  2.088496e-001
 3.133453e+000  6.969600e-001  2.082840e-001
 3.138605e+000  5.542200e-001  2.088520e-001
 3.143757e+000  1.156940e+000  2.071706e-001
 3.148909e+000  1.131820e+000  2.084762e-001
 3.154061e+000  8.682200e-001  2.076672e-001
 3.159213e+000  1.508700e+000  2.065020e-001
 3.164365e+000  1.075900e+000  2.065394e-001
 3.169517e+000  1.221300e+000  2.074918e-001
 3.174669e+000  1.361140e+000  2.052242e-001
 3.179821e+000  1.253540e+000  2.060522e-001
 3.184973e+000  1.112940e+000  2.067218e-001
 3.190125e+000  7.240400e-001  2.045780e-001
 3.195277e+000  1.009100e+000  2.062746e-001
 3.200429e+000  1.209820e+000  2.066080e-001
 3.205582e+000  1.030860e+000  2.051972e-001
 3.210734e+000  1.374020e+000  2.058482e-001
 3.215886e+000  9.263800e-001  2.061216e-001
 3.221038e+000  1.073160e+000  2.047558e-001
 3.226190e+000  9.730800e-001  2.059324e-001
 3.231342e+000  9.328200e-001  2.069306e-001
 3.236494e+000  1.061300e+000  2.053090e-001
 3.241646e+000  9.862800e-001  2.059420e-001
 3.246798e+000  9.780400e-001  2.060932e-001
 3.251950e+000  8.387400e-001  2.054540e-001
 3.257102e+000  1.137680e+000  2.060534e-001
 3.262254e+000  8.041400e-001  2.059812e-001
 3.267406e+000  1.073200e+000  2.042524e-001
 3.272558e+000  1.515120e+000  2.066610e-001
 3.277710e+000  6.890400e-001  2.066128e-001
 3.282862e+000  1.113580e+000  2.055264e-001
 3.288014e+000  8.760200e-001  2.059290e-001
 3.293166e+000  1.081400e+000  2.067262e-001
 3.298318e+000  4.574000e-001  2.043264e-001
 3.303470e+000  1.123520e+000  2.065330e-001
 3.308622e+000  8.661800e-001  2.067272e-001
 3.313774e+000  8.334200e-001  2.047410e-001
 3.318926e+000  1.226100e+000  2.060400e-001
 3.324078e+000  9.662600e-001  2.065430e-001
 3.329230e+000  6.241600e-001  2.053296e-001
 3.334382e+000  1.687800e+000  2.066180e-001
 3.339534e+000  8.342400e-001  2.054416e-001
 3.344686e+000  8.032000e-001  2.043560e-001
 3.349838e+000  1.082240e+000  2.053294e-001
 3.354990e+000  1.273140e+000  2.061872e-001
 3.360142e+000  8.993400e-001  2.036870e-001
 3.365294e+000  8.879200e-001  2.059586e-001
 3.370446e+000  8.727400e-001  2.058712e-001
 3.375598e+000  9.772200e-001  2.051594e-001
 3.380750e+000  1.005540e+000  2.060358e-001
 3.385902e+000  9.069600e-001  2.065662e-001
 3.391054e+000  1.077020e+000  2.058858e-001
 3.396206e+000  1.432080e+000  2.063842e-001
 3.401358e+000  9.521200e-001  2.061162e-001
 3.406510e+000  8.495000e-001  2.050726e-001
 3.411662e+000  5.692800e-001  2.061096e-001
 3.416814e+000  1.412660e+000  2.069412e-001
 3.421966e+000  7.271200e-001  2.055584e-001
 3.427118e+000  1.267320e+000  2.070288e-001
 3.432270e+000  1.154720e+000  2.060108e-001
 3.437422e+000  8.428200e-001  2.052018e-001
 3.442574e+000  1.098360e+000  2.067412e-001
 3.447726e+000  7.433600e-001  2.062394e-001
 3.452878e+000  1.518460e+000  2.058260e-001
 3.458030e+000  1.104480e+000  2.067358e-001
 3.463182e+000  1.028600e+000  2.068586e-001
 3.468334e+000  1.110740e+000  2.063736e-001
 3.473486e+000  1.430940e+000  2.072184e-001
 3.478638e+000  8.318800e-001  2.059476e-001
 3.483790e+000  1.137360e+000  2.057944e-001
 3.488943e+000  1.066120e+000  2.068190e-001
 3.494095e+000  1.046280e+000  2.061946e-001
 3.499247e+000  1.059280e+000  2.060822e-001
 3.504399e+000  9.414400e-001  2.065332e-001
 3.509551e+000  8.625600e-001  2.070986e-001
 3.514703e+000  1.174280e+000  2.065970e-001
 3.519855e+000  1.063420e+000  2.074154e-001
 3.525007e+000  1.241760e+000  2.070586e-001
 3.530159e+000  9.025000e-001  2.063378e-001
 3.535311e+000  1.029120e+000  2.074060e-001
 3.540463e+000  1.048120e+000  2.073108e-001
 3.545615e+000  9.917400e-001  2.066194e-001
 3.550767e+000  9.495000e-001  2.069356e-001
 3.555919e+000  8.714000e-001  2.079238e-001
 3.561071e+000  5.697400e-001  2.064620e-001
 3.566223e+000  1.050040e+000  2.074480e-001
 3.571375e+000  9.964800e-001  2.067096e-001
 3.576527e+000  7.181600e-001  2.056626e-001
 3.581679e+000  7.535400e-001  2.065430e-001
 3.586831e+000  1.212340e+000  2.073224e-001
 3.591983e+000  5.647200e-001  2.059490e-001
 3.597135e+000  7.591000e-001  2.065802e-001
 3.602287e+000  5.830400e-001  2.064704e-001
 3.607439e+000  1.014180e+000  2.066094e-001
 3.612591e+000  7.853000e-001  2.071568e-001
 3.617743e+000  5.274800e-001  2.068042e-001
 3.622895e+000  6.386000e-001  2.061554e-001
 3.628047e+000  8.286600e-001  2.067142e-001
 3.633199e+000  6.777000e-001  2.070090e-001
 3.638351e+000  8.616600e-001  2.060008e-001
 3.643503e+000  7.289400e-001  2.076966e-001
 3.648655e+000  1.193460e+000  2.080690e-001
 3.653807e+000  6.693400e-001  2.061194e-001
 3.658959e+000  3.471200e-001  2.074240e-001
 3.664111e+000  6.091200e-001  2.064646e-001
